the number of parameter: 10 20 30 40 50 60
random: 128.3384996879032 279.46394626740323 434.92213214309714 603.6044736438715 756.764120669047 906.2968931192548 
coverage: 119.17166420957018 265.4130680472938 410.27729667191437 560.1081053299301 726.318898242423 857.409903691468 
switch-lkh: 113.47488687483339 259.4612664773067 408.22924464443105 552.6700467887566 709.4495096197016 891.0762640511365 
hybrid: 107.96531388998432 245.3724025016546 396.196061609956 523.1685582166295 666.8738817475836 834.5659119839708