ratio: 0.0 0.1 0.2 0.3 0.4 0.5 0.6 0.7 0.8 0.9 1.0 1.1 1.2 1.3 1.4 1.5 1.6 1.7 1.8 1.9 2.0
random: 284.69999999999993 309.00267985338735 339.7492799710324 364.34938279700486 400.8566940194888 431.4449565205654 443.25388991795285 495.71208108165644 528.7760590832927 550.8908416813415 583.5224836974571 604.3663489706325 647.1495534147672 658.9418665118551 690.7464178656203 746.8871143145485 764.0802985717197 802.1253360213182 841.2178712920708 837.5730216828761 884.8508105936537
coverage: 280.166 302.95987201504494 330.692894087363 359.10076879945296 392.73064854141046 413.5636231387506 430.9298316964071 462.6799791693405 493.2901782477052 520.1164843041738 547.2290402091695 583.5051068280555 605.0774847169591 619.7883405040482 644.5081122959132 672.8974862578549 708.6526558036767 733.8831479409 782.5340576843014 785.3906428636151 814.3334086366169
switch-lkh: 248.49599999999998 282.9777018119894 314.4833587464807 343.43233730326716 382.6314101303568 410.18385148711735 421.80043170507565 485.05769535317324 500.9013261588826 534.723364357799 559.9509421361555 606.0760121799378 630.6181623904594 654.7188729015551 676.0916054500989 719.0667002671042 773.2027787351083 781.4604051515921 824.5036647284154 850.2119407913244 865.9357211895574
hybrid: 247.39033333333342 270.4791210944233 301.96944711484025 328.5862566049719 363.8162892499176 393.0254922504868 420.4148283376792 448.3281741232871 490.103679464646 505.8338075076861 523.6280667685555 569.0627432553595 588.5544693843874 625.0076402912829 652.0958109941133 674.0155056559324 726.2912946768814 710.0463408920583 770.6374245887129 786.090305819167 821.0722759454075