type: 1 2 
random: 430.4989734248463 814.4964212203747 
coverage: 410.34993824008654 781.822600752703 
switch-lkh: 408.7492736643665 651.8479215941795 
hybrid: 386.1888894123422 627.2291329403809 