the number of value: 2 3 4 5 6 7 8
random: 66.5880481548765 214.86121355839322 430.3459919223076 716.1977819144855 1079.4738326077147 1528.658755643824 2013.1006821652143
coverage: 72.62895088090322 211.87679007248457 414.4018479299978 674.0581934536369 976.8195111070942 1383.6765513740636 1844.9052795014218
switch-lkh: 65.11615658848338 197.30080113552057 415.017626821775 675.2133187448732 1006.0867535033952 1370.6333561295044 1862.625522038041
hybrid: 61.88378426047379 195.18701847425237 393.64838293244367 634.7562144410392 957.0847661508675 1340.14107647861 1775.2069852890143